5 <- 8 -> 10
1 <- 5 -> 7
. <- 1 -> .
. <- 7 -> .
. <- 10 -> 12
. <- 12 -> .
